01-FM-555,285,1075,655
01-01-578,611,732,655
01-02-726,611,804,655
01-03-800,611,875,655
01-04-870,611,940,655
01-05-936,593,1015,655
01-06-961,536,1019,601
01-07-961,467,1015,540
01-08-920,289,1073,471
02-FM-504,281,1136,535
03-FM-558,287,1038,656
04-FM-481,290,1111,684
05-FM-510,298,1134,646
06-FM-493,371,1133,580
07-FM-498,342,931,780
08-FM-551,291,1106,672
09-FM-543,297,1167,685
10-FM-561,282,1111,666
11-FM-541,293,1150,658
12-FM-498,284,1079,772
13-FM-520,287,1089,538
14-FM-491,280,1175,624
15-FM-491,286,926,776
16-FM-574,283,1130,682
17-FM-485,274,1225,403
18-FM-490,274,1191,709